INDEX NOMINUM

Σέρβιος Τοῦλλος 152,13
Σεπτὲμβριος 47,19 60,8 61,6
166,13*, 16 16116 161, 13
Σεπτι ύνδιος 172, 23

Σθεν βοια 178,11

Σιβάν 60, 5

13666616 161, 6. τ. 16 163, 11.

Σιβύλλιος 73,17

Σικανία 139,14

Σικανύς 16, 20

Σικελία 123, 7 131,12 139, 8.
16. 11 16314 161, 13 116, 3
Σικελιώτης 11, 18 135,12
Σικυώνιος 37, 19. 25 40, 2
Σίνων 156,14

Σκηνίτης 110,13 143,14
Σκιπίων 74, 5

Σκιροφοριύν 59, 22

Σκύθης 36, 17. 18. 20 37,10,
Σούπερβος 87, 17. 24
Σοφοκλῆς 151,11. 1419
Σπερχειύς 78, 9

Στίλβων 28,17

Στρηοα 61, 1ο

Στρογγύλη 154, 4

Σύβαρις 52, 2

Συρία 111, 6

Σιρος 11616 166, 6

16666 111, 16

Σωκράτης 3, 2 9,17 27,12
Σώπατρος ὁ τελεστής 65, 21
Σωφροσύνη 172, 8

Ταραντῖνος 34,1 69,13
Τάρας 69, 14

Ταρκύνιοςε Πρίσκος 104, 23.
Σούπερβος 87,16. 23 88, 8
Ταρπήϊος 176, 3

Τάρταρος 91, 7 167, 21 175, 6
Τεβέθ 60,4

Τελεστορίὸης 64,10

Τέννης 178,12

Τεύτονες 165,12

Τηθύς 176, 3. 4

201

Τηλέγονος 67, 24

Τιβέριος 163, 5
Τιβούρτιος 103,15 173, 3
661163 131, 13 1661
Τιτᾶνες 107,1

Τιτανικός 171,14 172, 2
Τίτιος 17,4

Τμῶλος 123,18

Τραϊανός 70,14 81, 20 82, 5. 9
Τριοδῖτις 44, 4
Τριτογένεια 80,17 81, 8
Τρίτων 80,19 121, 3
Τριτωνίς 80, 18

Τροία 199,19

Τρωάὸες 156, 3
Τρωγλοδύται 144,18
Τρῶες 156,3

Τρωϊκός 103, 6

Τνβί 60,6

Τυνδάρεως 166, 6. 12
Τυρρηνός 16,18

Τυφών 101, 21 136, 5
Τύχη 70, 16. 11. 1ο 161, 13
161, 8, 13. ἔφορος 172,8

’1οάσπης 51,17

’Τπάτη 11, 3
’Τπερβερεταῑος 60,1
Ἵπεριονίδης 22, 4. 6
Τποπλάκιοι Θῆβαι 82,11
Ὑστάσπης 21,1

Φάβιος 179,17. ὁ βουλευτής 79, “

Φαέθων 30,17 169, 24
Φαίνων 33,3

Φαμενὼθ 60,6

Φαραώ 182,18

Φαρμονθί 60, 7

Φαωφί 60,6

Φέβερ 83,12

1666666 33,1. 3

Φεβρονᾶλις 84,13
Φιβρονάριος 10, 13 40, 7.12
47,18 48, 6. 12 49,14 60,1)
63, 6 78, 14 79, 4, 7, 11. 13.

 

