101 111111111110111111111

13 83,1·. 13 84, 11 114, 15 Φρυγία 130, 11

184, 4. 7 Φρύγιος20, 15 103, 15
Φεβροοᾶτα 8412 Φοτώ 103,7

Φεβροοᾶτος 84, 11 Φωσφόρος 31, 20
Φεβροῦος 83, ὁ

0300 133, 10 1133114311
Φιλαδέλφεια 66,11 113,5.7 Χαλδαῖκός 103, 24 158⁷
1⁵4‚⁶ 301303ος 101, 3 10313
Φιλάδελφος 104,1 Χαλδίς 103,16

Φιλόλαος 8, ὃ Χαλκιδικός 86, 7
Μ. Φλάβιος γραμματιστὴς Ἰτα- Χαναναῖος 103, 21

λός 2,13 Χάριτες 122, 6

01000 33, 10 1133 118,18 11031133 30, 4

Φοίβη 44,10 11031 13013

Φοίνικες 2,17 11,14 111,3 1103313600

118, 11 188, 1 141,14.11 Χριστός 1041. 18

170, 3 183, 19 Χροσορρόας 144, 8
<hamunde 171113

Φορδικοὶλια 124,ss Ὠκεανός 117, 8 148, 24 170, 4
Φορτοῢνα 72, 3 Ὦρος 22, 2

 

