 

INDEX NOMINUM

Ἀμάλθεια 103, 10 104, 33 133,
13 133, 6

Ἀμαρσλλίς 136, 6

’ Ἀμφιτρίτη 173, 6

Ἀμούλιος 168,11

Ἀνάγκη 96, 8 136,10
Ἀνακτορία 133,13
Ἀνδρομέδα 159, 9
Ἀνθεστηρια 136, 9
Ἀνθεστηριὼν 69, 34
Ἀνθοοσα 69, 30 136,17
Ἀνθρωποφά6οι 147, 16
Ἀννίβας 74, 8 143, 15 179,19
Ἀντερως 117, 4. 11

³ Ἀντιόχεια 164,10.13

Ἀντώνιος 169,14 178, 34
Ἀπελλαιος 60,

Ἀπελλῆς 133, 6
3666’666662
33,11.13 43,19 66,9 68, 6
6ωω66666,9
16Ή6Μ
Ἀπολλωνιάτης 146, 30
Ἀπρίλιος 6, 33 47,19 60, 9
114, 11* 115, 10 118, 6119, 34
Ἀττο6λία 139,16

Ἀραβες Σκηνιται 110,13 148,

ζ 666,ο

Ἀράρης 63,1

Ἀρεος πεδίον 93, 33 98, 36
Ἀρης (Mars deus emaque stella)
5„,..,10625122141620
666Μ6666
3ηῌ666666
76, 6. 14 80,7 89,8. 31 91,
13. 15. 16. 19. 30 93, 2. 7.13.
66666666
96, 1316 99, 6. 11. 18 113,
10 113,16. 20. 22 115, 2. 4.
25. 26 116, 37 117,4. 11
118, 8. 615 16814 169,16.
18 178,19

ξ, Ἀρης (11111111σί 119, 5. 6

ι Ἀρίσταρχος

λ

,

γραμματικός 14,

166616377666666.

Μ

Ἀρκάδες 37, 18. 20. 34 40, 3
Ἀρκαδία 133, 33 164,13
’Ἀρκτος 66, 3 90,11

Ἀρσινόη 164,10

Ἀρσιπιιος 164, 10

Ἀρτεμις 19,13. 13 33, 33 167,
Ἀρτεμίσιος 60, 3

Ἀσία 83, 9 107,10

Ἀσιανός 63, 16

Ἀσκληπιός 101,15.16 164, 7
Ἀστολρτη 110, 16 117, 6 118, 18
Ἀστερία 33, 3

Ἀστυδάμεια 178, 13
Ἀσωνίδης 180, 17

Ἀτλαντικὴ θαλασσα 134,11 146,
6,11 147, 2. 10

Ἀτλας 133, 5 137, 33 139, 4
Ἀτροπος 138, 11, 13
Ἀτταλσς ο Περγαμηνός 14, 14
Ἀττική 166, 4 165, 15
Ἀττικός 46,1

Αὐγείας 131,17

Αὐγοοστολλιος 179, 3. 4. 6
Αὐηοοστεῖον 163, 6, 8
Αὔγουστος Καῖσαρ 16,11 160,
5. 16. 18. 34 151, 4. 911 159,
13 178, 34

Α6γοοστος (mensis) 60, 10 149,
18 150, 4. 17 151, 8158, 10
Αὐξιφωτία, 5149, 30
Αὐξιφώτια, τά 159, 3 162, 4
Α66οναῑος 60, 3

Α6σονιά 3, 33

Αὔσοιν 3, 30

Αὐρηλία 143,10

Ἀφροδίτη (Venus dea eiusque

fflffimzmmmm
666666Ηω.
66ΜΨΜΜΜῌ
6666666666
16666166666
1616666666
66666666
66666666
8666666Μ6

13

 

