111.
INDEX NOMINUM.

'2133 30, 3 39, 3. 13 1113 51,5 30,3. 13
’1111311131 113, 3. 3 30, 13. 31 33, 31 131, 10 109,
'313335133 3 13 113, 30. 33. 31 113‚3 113,
’13313113333 3 113,11133,3 133, 51 135,
ΑγαθοκλῆςὸΣικελιώτης 11, 18 101333 131,6 146,8 159,
’111111 133,1 13 131, 15 111, 11 133, 31

’1111136111 119 11 111511511313 133,33111,1.
111111 3,1 3 115, 31 113,13 113, 1. 11
Ἀγχιάλη 122,1 119, 2 183, 3, 6

’1111111111 111, 2 111311 111, 11 133, 3ο 131, 35
’11333 331 115, 3

31111111 ¹²¹ 1111 A3333 131, 33 133, 33

1111111131 8182108 11111 15313 133, 13
ραμύττειον

11331181 333 111, 1⁷

’113333333 10, 33 1315 1111111 111116

11631113 (deus et fluvius) 113,1 1111111 11, 1
1 119 4 6 7 33 1111103 10,23. 24

’mm ’1193 Amineam 6135 68,1 11135
Ἀζούμη 11, 11 Ῑ43,6

13111 1311131313 31311 11111113 511 - ,
111, 13. 3’3 113,.13 33 13’3, 31 11636414

Πολιάς 180,2 Αἰωνάριος 64,1

’1111111133 113,1113, 33 ’111111116510 ,

180, 2 Ἆ1β311113103,15

Ἀθηναῖος 20, 4 24, 25 59, 21 Ἀλέξανδρος 102, 13. 103, 26.
112,16 135, 9 6Μα111631102,11 146, 22

'3333 60, 6 ’Ἄλκηστις 121,13

31331511118 19 Ἀλκμήνη 122, 4

Αἰγυπτιαστί 92, 4 Ἀλφειός 131,11

Αἰγύπτιος 19, 3 33, 2 36,18 Ἀλφεσίβοια 133, 12

 

 

