196

Ἡροδδτιος 166, 13

Ἡροφίλη 103,10
Ἠφαιοτιοίδες νῆσοι 136, 13
Ἥφαιστος 36, 10 93, 8 ⁹117, 10
136, 7. 1313. 16. 18. 31 136,
31613

Ἡφαίστου πεδίοιο 164, 7

Θάλεια 133,7

Θαμοῦς 60,6

Θαργηλιὼν 69, 33

Θάσιος 146,16
Θελξιέπεια179, 16
Θεμέλη 107, 3

Θεοδόσιος ὁ μικρός 143, 8
Θεονίκη 11, 3
Θερμοπῢλαι 179, 33
Θεσρί 60,4

Θῆβαι Ἥιοιιλάιαοι 83, 11
Θήβη ἡ Αίγοιιτία 133,3
Θήρα 164, 1

Θηρασία 164, 1

Θρᾷξ 11316

Θύβρις 168,16

Θοοοιιία 139,16

Θοῦοκος 16, 31. 36 48, 7 66,1
&vm 107,13

Θώθ 60,6

Ιανός 63 7. 9. 10 64,17 65,14
66,6.11. 13

Ἰανοοάριος 10, 13 40, 747,18
67 3660661 163 2⁸4
6610166819741769
143,1 160, 9 163, 4 169, 913
Ἰάρ 60, 6

15oe 111, 3

Ἰδαῖος 133, 33

1311113, 13 31

Ιερδι πόλις 170,11
Ἰερουσαλήμ 11, 1 149, 8
Ἰεροσόλυμα 109, 30 110,1
Ἰλοίς 144, 7

'ma 136, 3

Ἰνδία 76,10 77,16
Ἰνδός 77,13 12'2,3

INDEX NOMINUM

Ἰοιιβιανός 167, 8

Ἰουδαία 163, 13

Ἰουδαῖος 103, 4 9. 16 110, 6. 30
Ἰουλιανός 166,1 811 167,1
Ἰούλιος 49,19 60ι 10 141,13*.
13 143, 6 144, 4

Ἰοῦλος 143, 6

Ἰούνιος 47,19 60,10.17 136,
11⁸ 137,16 ⁸

Ἰοονώνιος 63,18

Ἰπποδοίμεια4, 13. 16. 30

ἱΙιιιιδλιιιος 178,13

Ιοις 90,13 101,9. 1030 166,
Ιοιιανία 37, 6

Ἰοχύς 164, 9

Ιταλία3, 4. 34 3,17. 19 4, 3.
3461733111, 1 69,11 103,
4133, 7 139,10. 13. 16 163,
33. 36 166, 8

Ἰῖῧλιιιός,19, 16 64, 17 103,4 4.

’11a2592,1415,17 173,13

Ἰχθυοφαγοι 147,14
Ἰωνία 103, 6

Καβειριιιός 107, 10

Κάβειρος 107, 9

Καδμος3, 4

Καίλιος 173, 6

Καίσαρ 49, 31 66, 8 143, 3. 9.
17. 30. 33 143, 4. 7. 10. 13. 31
160, 33. Γαῖος Καῖσαρ 40, 8
31. rozzog’ Ιοολιος Καισαρ 160,
Καλαβρδι βασιλική 46,4
Καλαβοία 1,17 139,16
Καλένδαι 44, 16 46, 3 47, 3. 6.

“ 6. 16 48, 33 49,10. 13. 14-17

66616 66313661973
16. 31 76, 8. Φεβρουαριαι 78,
1479,.4711. 1316 Μάρ-
τιαι 413 87, 6. Απρίλιαι 106
13 111,16113,7.18 113, 9.
16 114,1.3 119,10. Μάϊαι
8, 6 134, 6. 31 133, 16. Ἰού-

 

