200

Πομπίλιος 9, 15

Ποντικός 99,18

Πυπάνων 65,2

Ποσειδεὼν 59, 24
ωωωμμωωψω
ωωωᾚι

Ποιαμία 179, 2

Πρυινέστιος 173, 3

Πρῖμος 91,14

Προμηθεύς 123, 21

Προυσίας 139,18
Πιολεμαῖζος1411.5Φιλυλὸελφος
Ποανεψιών 59, 23
Πυθαγόρας 9,15
Πρθαγόρειος 27, 7

Πύθιος 166, 2

Πυριγενής 1087
Πυριφλεγέθων 91, 7167, 21
Πυρόεις 25, 3 92, 24

Ῥρλμνιιες 17, 4

Ῥεά 155, 20

Ῥὲμος 16810

Ρήγιον 139,12

Ῥοσολλια 132, 7

Γ. Ρουτίλιος142, 16
Ρωμαϊκός 13,10 18, 6 74,16
88, 7. 14 102, 5 112,19

Ῥωμαῖος 1, 11’ 2,1.12. 15 7,
εωῃαωωωοωω

ωωωωιωωωυ
ωωωωαωεωω,
εωοωωωωωω,
Μμυωμωωω.
ωωοωωωμωε
ωωωωωωῃηλ
οοωωωοωω4
ωωωωωωοωι
ωωωωωηῌω
ωωωωωωωω,ο
ωωωωοωωω,ι
ωωωωωωωωω,
ιωωωωῌοω,ω
ωωΜωΜΜωωω
1ωωωωψωωω

INDEX NOMINUM

134, 4. 16 135,17 137,1 139,
5 140,10 143,3 144, 3. 15
147, 7 149, 12 150, 8. 17 151,
18 154,10 158,15 159, 23
161, 3. 22. 25 162, 9 165, 4.
20 168, 22 16155 173,17. 18
174, 6 179, 17 180,10.13.20.
23. 24 ι

Ῥώμη 6, 22 8,5 9,8 14,13
40,23 68,1 69, 19 86,12. 20
89,19 90,6 91,14 10423
112, 14 124, 22. 25 125, 9. 27
126, 16 133, 3. 5 150, 7 152,

. 12, 13. 22 161,4 165,7 168,

mma
Ῥωμύλιος 101,1

Ῥωμύλος 3, 21 8, 5. 14 9,10
ωωωωωωωω
118, 6 124,14. 21 125, 25. 21
126, 3 141,16 150, 23 16,8 10
169,12. 14 15.18180,12
Ρῶμ5ς 91,14 104, 22

Σαβα ολζιος 106, 21
Σαβαὼθ 111, 3 183,18
Σαβῖνος 1,14. 15 113,17 138,1
Σάγκος 138,1
ῶωωυωῌ
Σαμβήθη 102, 10

Σάμιος 69,12. 15 103, 7
Σάμος 69, 17

Σαρακηνός 157, 3
Σαρδιανός, 1 12 123,17
Σάρδις 59, 5 610
Σαρδάνιος γέλως 87, 23
Σαρδώ 87, 22

Σατοῦρνος 65,14

Σάτυροι 108,16

Σαφάν 60,4

Σεβῆροςὸ βασιλεὺς τῶν Ῥω·
μαίων, 7 5

Σειρῆνες 179,10, 14
Σεληνη, 5 11 et passim
ὴωμω,ωηω,ο
Σεμενιίλιος 161, 23 169, 9
Σεξτίλιος 47,19 150,1

 

